Model Parameters: 

Forward Model
	outputscale: tensor([0.6189, 0.6442, 0.6653, 0.6424])
 	lengthscale: tensor([[[0.7728, 0.7707, 0.7453, 0.7536, 0.7478]],

        [[0.7020, 0.6832, 0.6603, 0.7279, 0.7016]],

        [[0.6776, 0.6759, 0.6756, 0.7063, 0.6989]],

        [[0.6791, 0.7210, 0.7316, 0.7173, 0.7092]]])
Emission [1.258678]

Transition [4.5805029e-04 1.0368377e-03 1.9718886e-03 3.6962581e-05]

Prior x1 [0.03903272 0.10063794 0.10305377 0.09452178]

Posterior x1 [0.03887637 0.09816924 0.10560892 0.09357674]
