Model Parameters: 

Forward Model
	outputscale: tensor([0.2500])
 	lengthscale: tensor([[[2., 2., 2., 2., 2., 2., 2., 2., 2., 2., 2., 2., 2., 2., 2., 2., 2.,
          2., 2., 2., 2.]]])
Emission [0.0025 0.0025 0.0025 0.0025 0.0025 0.0025 0.0025]

Transition [0.0002 0.0002 0.0002 0.0002 0.0002 0.0002 0.0002 0.0002 0.0002 0.0002
 0.0002 0.0002 0.0002 0.0002]

Prior x1 [1.e-04 1.e-04 1.e-04 1.e-04 1.e-04 1.e-04 1.e-04 1.e-04 1.e-04 1.e-04
 1.e-04 1.e-04 1.e-04 1.e-04]

Posterior x1 [1.e-04 1.e-04 1.e-04 1.e-04 1.e-04 1.e-04 1.e-04 1.e-04 1.e-04 1.e-04
 1.e-04 1.e-04 1.e-04 1.e-04]
