Model Parameters: 

Forward Model
	outputscale: tensor([0.4265, 0.3100, 0.3197, 0.3106])
 	lengthscale: tensor([[[1.3223, 1.2975, 1.2849, 1.2969, 1.3210]],

        [[1.1514, 1.1888, 1.1534, 1.0736, 1.2254]],

        [[1.2362, 1.2040, 1.2405, 1.1892, 1.2677]],

        [[1.2412, 1.2219, 1.1475, 1.2152, 1.2516]]])
Emission [0.6178574]

Transition [9.3228135e-07 3.2282017e-08 3.7385752e-09 6.1198557e-07]

Prior x1 [0.00173928 0.02741798 0.01864683 0.01444013]

Posterior x1 [0.00172344 0.02721456 0.01954189 0.01472841]
